T p Ionization brems pair photonuc Radloss dE/dx CSDARange delta beta dE/dx_R
1.000E+00 1.457E+01 2.631E+00 0.000E+00 0.000E+00 4.670E-05 4.670E-05 5.263E+00 2.509E-03 0.0011 0.13661 3.772E+01
1.200E+00 1.597E+01 3.282E+01 0.000E+00 0.000E+00 4.678E-05 4.678E-05 3.282E+01 8.210E-03 0.0013 0.14944 3.282E+01
1.400E+00 1.726E+01 2.915E+01 0.000E+00 0.000E+00 4.687E-05 4.687E-05 2.915E+01 1.469E-02 0.0015 0.16119 2.915E+01
1.700E+00 1.903E+01 2.509E+01 0.000E+00 0.000E+00 4.700E-05 4.700E-05 2.509E+01 2.582E-02 0.0018 0.17725 2.509E+01
2.000E+00 2.066E+01 2.211E+01 0.000E+00 0.000E+00 4.713E-05 4.713E-05 2.211E+01 3.858E-02 0.0021 0.19186 2.211E+01
2.500E+00 2.312E+01 1.858E+01 0.000E+00 0.000E+00 4.735E-05 4.735E-05 1.858E+01 6.336E-02 0.0027 0.21376 1.858E+01
3.000E+00 2.536E+01 1.610E+01 0.000E+00 0.000E+00 4.757E-05 4.757E-05 1.610E+01 9.236E-02 0.0032 0.23336 1.590E+01
3.500E+00 2.742E+01 1.427E+01 0.000E+00 0.000E+00 4.779E-05 4.779E-05 1.427E+01 1.254E-01 0.0037 0.25120 1.391E+01
4.000E+00 2.935E+01 1.285E+01 0.000E+00 0.000E+00 4.801E-05 4.801E-05 1.285E+01 1.624E-01 0.0043 0.26763 1.240E+01
4.500E+00 3.116E+01 1.172E+01 0.000E+00 0.000E+00 4.823E-05 4.823E-05 1.172E+01 2.032E-01 0.0048 0.28290 1.121E+01
5.000E+00 3.289E+01 1.080E+01 0.000E+00 0.000E+00 4.845E-05 4.845E-05 1.080E+01 2.477E-01 0.0054 0.29720 1.025E+01
5.500E+00 3.453E+01 1.003E+01 0.000E+00 0.000E+00 4.867E-05 4.867E-05 1.003E+01 2.958E-01 0.0059 0.31066 9.455E+00
6.000E+00 3.611E+01 9.373E+00 0.000E+00 0.000E+00 4.888E-05 4.888E-05 9.373E+00 3.474E-01 0.0065 0.32339 8.787E+00
7.000E+00 3.909E+01 8.325E+00 0.000E+00 0.000E+00 4.932E-05 4.932E-05 8.326E+00 4.609E-01 0.0076 0.34700 7.727E+00
8.000E+00 4.189E+01 7.521E+00 0.000E+00 0.000E+00 4.976E-05 4.976E-05 7.521E+00 5.874E-01 0.0087 0.36854 6.922E+00
9.000E+00 4.453E+01 6.883E+00 0.000E+00 0.000E+00 5.020E-05 5.020E-05 6.883E+00 7.266E-01 0.0098 0.38836 6.289E+00
1.000E+01 4.704E+01 6.363E+00 0.000E+00 0.000E+00 5.064E-05 5.064E-05 6.363E+00 8.779E-01 0.0110 0.40675 5.778E+00
1.200E+01 5.177E+01 5.568E+00 0.000E+00 0.000E+00 5.151E-05 5.151E-05 5.568E+00 1.215E+00 0.0133 0.43998 5.004E+00
1.400E+01 5.616E+01 4.987E+00 0.000E+00 0.000E+00 5.239E-05 5.239E-05 4.987E+00 1.595E+00 0.0156 0.46937 4.445E+00
1.700E+01 6.230E+01 4.360E+00 0.000E+00 0.000E+00 5.370E-05 5.370E-05 4.360E+00 2.241E+00 0.0192 0.50792 3.847E+00
2.000E+01 6.802E+01 3.912E+00 0.000E+00 0.000E+00 5.501E-05 5.501E-05 3.912E+00 2.969E+00 0.0229 0.54129 3.424E+00
2.500E+01 7.686E+01 3.395E+00 0.000E+00 0.000E+00 5.720E-05 5.720E-05 3.396E+00 4.347E+00 0.0293 0.58827 2.941E+00
3.000E+01 8.509E+01 3.047E+00 0.000E+00 0.000E+00 5.939E-05 5.939E-05 3.047E+00 5.905E+00 0.0359 0.62720 2.617E+00
3.500E+01 9.285E+01 2.796E+00 0.000E+00 0.000E+00 6.158E-05 6.158E-05 2.796E+00 7.622E+00 0.0427 0.66011 2.385E+00
4.000E+01 1.003E+02 2.608E+00 0.000E+00 0.000E+00 6.377E-05 6.377E-05 2.608E+00 9.476E+00 0.0498 0.68834 2.211E+00
4.500E+01 1.074E+02 2.461E+00 0.000E+00 0.000E+00 6.596E-05 6.596E-05 2.461E+00 1.145E+01 0.0572 0.71286 2.077E+00
5.000E+01 1.143E+02 2.345E+00 2.901E-07 0.000E+00 6.815E-05 6.844E-05 2.345E+00 1.353E+01 0.0648 0.73434 1.970E+00
5.500E+01 1.210E+02 2.250E+00 1.319E-06 0.000E+00 7.034E-05 7.166E-05 2.251E+00 1.571E+01 0.0726 0.75332 1.882E+00
6.000E+01 1.276E+02 2.172E+00 2.379E-06 0.000E+00 7.253E-05 7.490E-05 2.173E+00 1.797E+01 0.0807 0.77019 1.810E+00
7.000E+01 1.403E+02 2.052E+00 4.589E-06 0.000E+00 7.690E-05 8.149E-05 2.052E+00 2.272E+01 0.0976 0.79887 1.698E+00
8.000E+01 1.527E+02 1.965E+00 6.913E-06 0.000E+00 8.128E-05 8.819E-05 1.965E+00 2.770E+01 0.1156 0.82227 1.616E+00
9.000E+01 1.647E+02 1.899E+00 9.346E-06 0.000E+00 8.566E-05 9.500E-05 1.899E+00 3.288E+01 0.1345 0.84166 1.554E+00
1.000E+02 1.764E+02 1.849E+00 1.188E-05 0.000E+00 9.004E-05 1.019E-04 1.849E+00 3.822E+01 0.1439 0.85794 1.506E+00
1.200E+02 1.994E+02 1.781E+00 1.724E-05 0.000E+00 9.879E-05 1.160E-04 1.781E+00 4.926E+01 0.1618 0.88361 1.438E+00
1.400E+02 2.218E+02 1.737E+00 2.295E-05 0.000E+00 1.075E-04 1.305E-04 1.737E+00 6.064E+01 0.1857 0.90278 1.392E+00
1.700E+02 2.546E+02 1.699E+00 3.213E-05 0.000E+00 1.207E-04 1.528E-04 1.699E+00 7.812E+01 0.2279 0.92363 1.348E+00
2.000E+02 2.868E+02 1.678E+00 4.197E-05 0.000E+00 1.338E-04 1.758E-04 1.678E+00 9.590E+01 0.2743 0.93835 1.320E+00
2.500E+02 3.396E+02 1.665E+00 5.965E-05 0.000E+00 1.557E-04 2.154E-04 1.665E+00 1.258E+02 0.3554 0.95485 1.294E+00
3.000E+02 3.917E+02 1.665E+00 7.874E-05 0.000E+00 1.776E-04 2.563E-04 1.666E+00 1.559E+02 0.4373 0.96548 1.281E+00
3.500E+02 4.432E+02 1.672E+00 9.907E-05 0.000E+00 1.995E-04 2.986E-04 1.672E+00 1.858E+02 0.5182 0.97274 1.274E+00
4.000E+02 4.945E+02 1.681E+00 1.205E-04 0.000E+00 2.214E-04 3.419E-04 1.681E+00 2.157E+02 0.5970 0.97793 1.271E+00
4.500E+02 5.455E+02 1.692E+00 1.429E-04 0.000E+00 2.433E-04 3.862E-04 1.692E+00 2.453E+02 0.6733 0.98176 1.270E+00
5.000E+02 5.964E+02 1.703E+00 1.663E-04 0.000E+00 2.652E-04 4.314E-04 1.703E+00 2.748E+02 0.7472 0.98467 1.270E+00
5.500E+02 6.471E+02 1.714E+00 1.904E-04 0.000E+00 2.870E-04 4.775E-04 1.715E+00 3.040E+02 0.8185 0.98693 1.271E+00
6.000E+02 6.977E+02 1.726E+00 2.154E-04 0.000E+00 3.089E-04 5.243E-04 1.726E+00 3.331E+02 0.8874 0.98873 1.273E+00
7.000E+02 7.987E+02 1.747E+00 2.673E-04 0.000E+00 3.527E-04 6.200E-04 1.748E+00 3.907E+02 1.0182 0.99136 1.277E+00
8.000E+02 8.995E+02 1.767E+00 3.218E-04 0.000E+00 3.965E-04 7.183E-04 1.768E+00 4.475E+02 1.1406 0.99317 1.281E+00
9.000E+02 1.000E+03 1.786E+00 3.784E-04 0.000E+00 4.403E-04 8.187E-04 1.787E+00 5.038E+02 1.2555 0.99447 1.285E+00
1.000E+03 1.101E+03 1.803E+00 4.371E-04 1.795E-05 4.841E-04 9.391E-04 1.804E+00 5.595E+02 1.3637 0.99542 1.289E+00
1.200E+03 1.301E+03 1.834E+00 5.598E-04 1.029E-04 5.716E-04 1.234E-03 1.835E+00 6.694E+02 1.5629 0.99672 1.295E+00
1.400E+03 1.502E+03 1.860E+00 6.886E-04 1.995E-04 6.592E-04 1.547E-03 1.862E+00 7.776E+02 1.7428 0.99753 1.301E+00
1.700E+03 1.803E+03 1.894E+00 8.916E-04 3.628E-04 7.905E-04 2.045E-03 1.896E+00 9.372E+02 1.9839 0.99829 1.309E+00
2.000E+03 2.103E+03 1.922E+00 1.105E-03 5.449E-04 9.252E-04 2.575E-03 1.924E+00 1.094E+03 2.1976 0.99874 1.315E+00
2.500E+03 2.604E+03 1.960E+00 1.478E-03 8.833E-04 1.162E-03 3.524E-03 1.964E+00 1.351E+03 2.5077 0.99918 1.323E+00
3.000E+03 3.104E+03 1.991E+00 1.872E-03 1.258E-03 1.402E-03 4.531E-03 1.995E+00 1.604E+03 2.7746 0.99942 1.328E+00
3.500E+03 3.604E+03 2.017E+00 2.281E-03 1.663E-03 1.644E-03 5.588E-03 2.022E+00 1.853E+03 3.0093 0.99957 1.333E+00
4.000E+03 4.104E+03 2.038E+00 2.704E-03 2.095E-03 1.888E-03 6.687E-03 2.045E+00 2.099E+03 3.2188 0.99967 1.337E+00
4.500E+03 4.604E+03 2.057E+00 3.140E-03 2.549E-03 2.134E-03 7.823E-03 2.065E+00 2.342E+03 3.4081 0.99974 1.339E+00
5.000E+03 5.105E+03 2.074E+00 3.588E-03 3.027E-03 2.377E-03 8.991E-03 2.083E+00 2.583E+03 3.5809 0.99979 1.342E+00
5.500E+03 5.605E+03 2.089E+00 4.052E-03 3.533E-03 2.601E-03 1.019E-02 2.099E+00 2.822E+03 3.7399 0.99982 1.344E+00
6.000E+03 6.105E+03 2.102E+00 4.526E-03 4.057E-03 2.824E-03 1.141E-02 2.114E+00 3.059E+03 3.8871 0.99985 1.346E+00
7.000E+03 7.105E+03 2.126E+00 5.501E-03 5.154E-03 3.268E-03 1.392E-02 2.140E+00 3.530E+03 4.1527 0.99989 1.348E+00
8.000E+03 8.105E+03 2.145E+00 6.505E-03 6.307E-03 3.710E-03 1.652E-02 2.162E+00 3.994E+03 4.3874 0.99992 1.351E+00
9.000E+03 9.105E+03 2.162E+00 7.536E-03 7.510E-03 4.149E-03 1.920E-02 2.182E+00 4.455E+03 4.5976 0.99993 1.352E+00
1.000E+04 1.011E+04 2.177E+00 8.592E-03 8.759E-03 4.586E-03 2.194E-02 2.199E+00 4.911E+03 4.7881 0.99995 1.354E+00
1.200E+04 1.211E+04 2.203E+00 1.078E-02 1.143E-02 5.433E-03 2.764E-02 2.230E+00 5.814E+03 5.1227 0.99996 1.356E+00
1.400E+04 1.411E+04 2.224E+00 1.305E-02 1.423E-02 6.272E-03 3.355E-02 2.257E+00 6.705E+03 5.4102 0.99997 1.357E+00
1.700E+04 1.711E+04 2.249E+00 1.656E-02 1.867E-02 7.515E-03 4.274E-02 2.292E+00 8.024E+03 5.7774 0.99998 1.358E+00
2.000E+04 2.011E+04 2.270E+00 2.019E-02 2.334E-02 8.744E-03 5.227E-02 2.322E+00 9.325E+03 6.0887 0.99999 1.359E+00
2.500E+04 2.511E+04 2.297E+00 2.647E-02 3.170E-02 1.079E-02 6.896E-02 2.366E+00 1.146E+04 6.5209 0.99999 1.360E+00
3.000E+04 3.011E+04 2.319E+00 3.297E-02 4.052E-02 1.281E-02 8.630E-02 2.405E+00 1.355E+04 6.8776 0.99999 1.361E+00
3.500E+04 3.511E+04 2.336E+00 3.966E-02 4.973E-02 1.482E-02 1.042E-01 2.441E+00 1.562E+04 7.1812 1.00000 1.361E+00
4.000E+04 4.011E+04 2.352E+00 4.652E-02 5.926E-02 1.680E-02 1.226E-01 2.474E+00 1.765E+04 7.4453 1.00000 1.361E+00
4.500E+04 4.511E+04 2.365E+00 5.351E-02 6.908E-02 1.878E-02 1.414E-01 2.506E+00 1.966E+04 7.6790 1.00000 1.361E+00
5.000E+04 5.011E+04 2.377E+00 6.063E-02 7.915E-02 2.074E-02 1.605E-01 2.537E+00 2.164E+04 7.8886 1.00000 1.361E+00
5.500E+04 5.511E+04 2.387E+00 6.782E-02 8.926E-02 2.273E-02 1.798E-01 2.567E+00 2.360E+04 8.0784 1.00000 1.361E+00
6.000E+04 6.011E+04 2.396E+00 7.511E-02 9.956E-02 2.471E-02 1.994E-01 2.596E+00 2.554E+04 8.2519 1.00000 1.361E+00
7.000E+04 7.011E+04 2.413E+00 8.995E-02 1.207E-01 2.866E-02 2.393E-01 2.652E+00 2.935E+04 8.5596 1.00000 1.361E+00
8.000E+04 8.011E+04 2.427E+00 1.051E-01 1.424E-01 3.259E-02 2.801E-01 2.707E+00 3.308E+04 8.8263 1.00000 1.361E+00
9.000E+04 9.011E+04 2.440E+00 1.205E-01 1.646E-01 3.651E-02 3.217E-01 2.761E+00 3.674E+04 9.0615 1.00000 1.361E+00
1.000E+05 1.001E+05 2.451E+00 1.362E-01 1.873E-01 4.040E-02 3.639E-01 2.814E+00 4.033E+04 9.2720 1.00000 1.361E+00
1.200E+05 1.201E+05 2.470E+00 1.679E-01 2.328E-01 4.831E-02 4.490E-01 2.919E+00 4.730E+04 9.6363 1.00000 1.361E+00
1.400E+05 1.401E+05 2.485E+00 2.003E-01 2.796E-01 5.620E-02 5.360E-01 3.021E+00 5.404E+04 9.9444 1.00000 1.361E+00
1.700E+05 1.701E+05 2.505E+00 2.499E-01 3.516E-01 6.799E-02 6.695E-01 3.175E+00 6.372E+04 10.3324 1.00000 1.361E+00
2.000E+05 2.001E+05 2.522E+00 3.006E-01 4.256E-01 7.974E-02 8.060E-01 3.328E+00 7.295E+04 10.6573 1.00000 1.361E+00
2.500E+05 2.501E+05 2.545E+00 3.857E-01 5.489E-01 9.963E-02 1.034E+00 3.579E+00 8.744E+04 11.1033 1.00000 1.361E+00
3.000E+05 3.001E+05 2.563E+00 4.726E-01 6.752E-01 1.195E-01 1.267E+00 3.831E+00 1.009E+05 11.4678 1.00000 1.361E+00
3.500E+05 3.501E+05 2.579E+00 5.610E-01 8.041E-01 1.394E-01 1.504E+00 4.084E+00 1.136E+05 11.7760 1.00000 1.361E+00
4.000E+05 4.001E+05 2.593E+00 6.507E-01 9.351E-01 1.593E-01 1.745E+00 4.338E+00 1.255E+05 12.0430 1.00000 1.361E+00
4.500E+05 4.501E+05 2.605E+00 7.415E-01 1.068E+00 1.791E-01 1.989E+00 4.593E+00 1.367E+05 12.2785 1.00000 1.361E+00
5.000E+05 5.001E+05 2.616E+00 8.333E-01 1.203E+00 1.990E-01 2.235E+00 4.851E+00 1.472E+05 12.4892 1.00000 1.361E+00
5.500E+05 5.501E+05 2.625E+00 9.244E-01 1.334E+00 2.194E-01 2.478E+00 5.103E+00 1.573E+05 12.6798 1.00000 1.361E+00
6.000E+05 6.001E+05 2.634E+00 1.016E+00 1.466E+00 2.398E-01 2.722E+00 5.357E+00 1.669E+05 12.8538 1.00000 1.361E+00
7.000E+05 7.001E+05 2.650E+00 1.202E+00 1.733E+00 2.808E-01 3.216E+00 5.866E+00 1.847E+05 13.1620 1.00000 1.361E+00
8.000E+05 8.001E+05 2.664E+00 1.389E+00 2.003E+00 3.219E-01 3.715E+00 6.379E+00 2.010E+05 13.4290 1.00000 1.361E+00
9.000E+05 9.001E+05 2.676E+00 1.579E+00 2.276E+00 3.631E-01 4.218E+00 6.894E+00 2.161E+05 13.6646 1.00000 1.361E+00
1.000E+06 1.000E+06 2.687E+00 1.770E+00 2.551E+00 4.044E-01 4.726E+00 7.413E+00 2.301E+05 13.8753 1.00000 1.361E+00
1.200E+06 1.200E+06 2.706E+00 2.150E+00 3.096E+00 4.886E-01 5.735E+00 8.441E+00 2.554E+05 14.2399 1.00000 1.361E+00
1.400E+06 1.400E+06 2.723E+00 2.535E+00 3.645E+00 5.733E-01 6.754E+00 9.476E+00 2.777E+05 14.5482 1.00000 1.361E+00
1.700E+06 1.700E+06 2.743E+00 3.118E+00 4.478E+00 7.012E-01 8.297E+00 1.104E+01 3.070E+05 14.9365 1.00000 1.361E+00
2.000E+06 2.000E+06 2.760E+00 3.708E+00 5.319E+00 8.298E-01 9.857E+00 1.262E+01 3.324E+05 15.2615 1.00000 1.361E+00
2.500E+06 2.500E+06 2.784E+00 4.684E+00 6.705E+00 1.049E+00 1.244E+01 1.522E+01 3.685E+05 15.7077 1.00000 1.361E+00
3.000E+06 3.000E+06 2.804E+00 5.670E+00 8.101E+00 1.271E+00 1.504E+01 1.785E+01 3.988E+05 16.0724 1.00000 1.361E+00
3.500E+06 3.500E+06 2.821E+00 6.663E+00 9.506E+00 1.494E+00 1.766E+01 2.048E+01 4.249E+05 16.3807 1.00000 1.361E+00
4.000E+06 4.000E+06 2.836E+00 7.662E+00 1.092E+01 1.718E+00 2.030E+01 2.313E+01 4.478E+05 16.6477 1.00000 1.361E+00
4.500E+06 4.500E+06 2.849E+00 8.667E+00 1.234E+01 1.944E+00 2.295E+01 2.580E+01 4.683E+05 16.8833 1.00000 1.361E+00
5.000E+06 5.000E+06 2.860E+00 9.677E+00 1.376E+01 2.172E+00 2.561E+01 2.847E+01 4.867E+05 17.0940 1.00000 1.361E+00
5.500E+06 5.500E+06 2.871E+00 1.068E+01 1.517E+01 2.404E+00 2.825E+01 3.112E+01 5.035E+05 17.2846 1.00000 1.361E+00
6.000E+06 6.000E+06 2.881E+00 1.168E+01 1.658E+01 2.637E+00 3.090E+01 3.378E+01 5.190E+05 17.4586 1.00000 1.361E+00
7.000E+06 7.000E+06 2.898E+00 1.369E+01 1.941E+01 3.107E+00 3.621E+01 3.911E+01 5.465E+05 17.7669 1.00000 1.361E+00
8.000E+06 8.000E+06 2.913E+00 1.571E+01 2.225E+01 3.581E+00 4.154E+01 4.446E+01 5.704E+05 18.0340 1.00000 1.361E+00
9.000E+06 9.000E+06 2.926E+00 1.774E+01 2.510E+01 4.058E+00 4.690E+01 4.983E+01 5.917E+05 18.2695 1.00000 1.361E+00
1.000E+07 1.000E+07 2.938E+00 1.978E+01 2.795E+01 4.539E+00 5.227E+01 5.521E+01 6.107E+05 18.4803 1.00000 1.361E+00
1.200E+07 1.200E+07 2.959E+00 2.383E+01 3.363E+01 5.519E+00 6.298E+01 6.594E+01 6.438E+05 18.8449 1.00000 1.361E+00
1.400E+07 1.400E+07 2.977E+00 2.789E+01 3.932E+01 6.510E+00 7.373E+01 7.670E+01 6.719E+05 19.1532 1.00000 1.361E+00
1.700E+07 1.700E+07 3.000E+00 3.401E+01 4.788E+01 8.014E+00 8.991E+01 9.291E+01 7.074E+05 19.5415 1.00000 1.361E+00
2.000E+07 2.000E+07 3.019E+00 4.016E+01 5.646E+01 9.536E+00 1.062E+02 1.092E+02 7.372E+05 19.8665 1.00000 1.361E+00
2.500E+07 2.500E+07 3.045E+00 5.034E+01 7.071E+01 1.214E+01 1.332E+02 1.362E+02 7.781E+05 20.3128 1.00000 1.361E+00
3.000E+07 3.000E+07 3.067E+00 6.055E+01 8.499E+01 1.478E+01 1.603E+02 1.634E+02 8.116E+05 20.6775 1.00000 1.361E+00
3.500E+07 3.500E+07 3.086E+00 7.078E+01 9.928E+01 1.745E+01 1.875E+02 1.906E+02 8.399E+05 20.9858 1.00000 1.361E+00
4.000E+07 4.000E+07 3.102E+00 8.102E+01 1.136E+02 2.015E+01 2.148E+02 2.179E+02 8.644E+05 21.2528 1.00000 1.361E+00
4.500E+07 4.500E+07 3.117E+00 9.129E+01 1.279E+02 2.288E+01 2.421E+02 2.452E+02 8.860E+05 21.4884 1.00000 1.361E+00
5.000E+07 5.000E+07 3.130E+00 1.016E+02 1.423E+02 2.563E+01 2.695E+02 2.726E+02 9.053E+05 21.6991 1.00000 1.361E+00
5.500E+07 5.500E+07 3.141E+00 1.118E+02 1.566E+02 2.842E+01 2.968E+02 2.999E+02 9.228E+05 21.8897 1.00000 1.361E+00
6.000E+07 6.000E+07 3.152E+00 1.221E+02 1.709E+02 3.123E+01 3.242E+02 3.273E+02 9.388E+05 22.0638 1.00000 1.361E+00
7.000E+07 7.000E+07 3.171E+00 1.426E+02 1.995E+02 3.691E+01 3.790E+02 3.821E+02 9.670E+05 22.3721 1.00000 1.361E+00
8.000E+07 8.000E+07 3.188E+00 1.631E+02 2.281E+02 4.266E+01 4.339E+02 4.371E+02 9.915E+05 22.6391 1.00000 1.361E+00
9.000E+07 9.000E+07 3.203E+00 1.837E+02 2.568E+02 4.846E+01 4.889E+02 4.921E+02 1.013E+06 22.8747 1.00000 1.361E+00
1.000E+08 1.000E+08 3.216E+00 2.043E+02 2.854E+02 5.431E+01 5.440E+02 5.472E+02 1.032E+06 23.0854 1.00000 1.361E+00
1.200E+08 1.200E+08 3.240E+00 2.451E+02 3.425E+02 6.517E+01 6.528E+02 6.561E+02 1.066E+06 23.4501 1.00000 1.361E+00
1.400E+08 1.400E+08 3.260E+00 2.860E+02 3.996E+02 7.603E+01 7.616E+02 7.649E+02 1.094E+06 23.7584 1.00000 1.361E+00
1.700E+08 1.700E+08 3.285E+00 3.473E+02 4.852E+02 9.233E+01 9.249E+02 9.281E+02 1.129E+06 24.1467 1.00000 1.361E+00
2.000E+08 2.000E+08 3.306E+00 4.086E+02 5.709E+02 1.086E+02 1.088E+03 1.091E+03 1.159E+06 24.4717 1.00000 1.361E+00
2.500E+08 2.500E+08 3.336E+00 5.107E+02 7.136E+02 1.358E+02 1.360E+03 1.363E+03 1.200E+06 24.9180 1.00000 1.361E+00
3.000E+08 3.000E+08 3.360E+00 6.129E+02 8.563E+02 1.629E+02 1.632E+03 1.635E+03 1.233E+06 25.2826 1.00000 1.361E+00
3.500E+08 3.500E+08 3.381E+00 7.150E+02 9.990E+02 1.901E+02 1.904E+03 1.907E+03 1.262E+06 25.5909 1.00000 1.361E+00
4.000E+08 4.000E+08 3.399E+00 8.172E+02 1.142E+03 2.172E+02 2.176E+03 2.180E+03 1.286E+06 25.8580 1.00000 1.361E+00
4.500E+08 4.500E+08 3.415E+00 9.193E+02 1.284E+03 2.444E+02 2.448E+03 2.452E+03 1.308E+06 26.0936 1.00000 1.361E+00
5.000E+08 5.000E+08 3.430E+00 1.021E+03 1.427E+03 2.716E+02 2.720E+03 2.724E+03 1.327E+06 26.3043 1.00000 1.361E+00
5.500E+08 5.500E+08 3.443E+00 1.124E+03 1.570E+03 2.987E+02 2.992E+03 2.996E+03 1.345E+06 26.4949 1.00000 1.361E+00
6.000E+08 6.000E+08 3.455E+00 1.226E+03 1.713E+03 3.259E+02 3.264E+03 3.268E+03 1.361E+06 26.6689 1.00000 1.361E+00
7.000E+08 7.000E+08 3.476E+00 1.430E+03 1.998E+03 3.802E+02 3.808E+03 3.812E+03 1.389E+06 26.9772 1.00000 1.361E+00
8.000E+08 8.000E+08 3.495E+00 1.634E+03 2.283E+03 4.345E+02 4.352E+03 4.356E+03 1.414E+06 27.2443 1.00000 1.361E+00
9.000E+08 9.000E+08 3.512E+00 1.839E+03 2.569E+03 4.888E+02 4.896E+03 4.900E+03 1.435E+06 27.4799 1.00000 1.361E+00
1.000E+09 1.000E+09 3.527E+00 2.043E+03 2.854E+03 5.431E+02 5.440E+03 5.444E+03 1.455E+06 27.6906 1.00000 1.361E+00
